0740000000000                 20240509000001866160001                                                                                                                                                 
1740000000000                 20240509000001866000002808453455193209765064271V019600001                                                                000000001038451
1740000000000                 20240509000001866000002808453455193209765064271V019700001                                                                000000001038451                                
1740000000000                 20240509000001866000002808453455193209765064271V017100001                                                                000000001038451                                
1740000000000                 20240509000001866000002808453455193209765064271V017200001                                                                000000001038451                                
1740000000000                 20240509000001866000002808453455193209765064271V016900001                                                                000000001038451                                
1740000000000                 20240509000001866000002808453455193209765064271V017000001                                                                000000001038451                                
1740000000000                 20240509000001866000002808453374193209765064786V019600001                                                                000000001038460                                
1740000000000                 20240509000001866000002808453374193209765064786V019700001                                                                000000001038460                                
1740000000000                 20240509000001866000002808453374193209765064786V017100001                                                                000000001038460                                
1740000000000                 20240509000001866000002808453374193209765064786V017200001                                                                000000001038460                                
1740000000000                 20240509000001866000002808453374193209765064786V016900001                                                                000000001038460                                
1740000000000                 20240509000001866000002808453374193209765064786V017000001                                                                000000001038460                                
9740000000000                 20240509000001866000000014                                                                                                                                              
